name = flegrei_2023_06_11_06_44_25
time = 2023-06-11 06:44:25.720
latitude = 40.834301
longitude = 14.1102
magnitude = 1.70812
moment = 4.09428e+11
depth = 3988.901608
mnn = -1.01853e+11
mee = 3.0553e+11
mdd = -5.1916e+10
mne = -2.54248e+10
mnd = 5.04987e+10
med = 3.33505e+11
strike1 = 346.437
dip1 = 77.7328
rake1 = -105.966
strike2 = 219.838
dip2 = 20.0369
rake2 = -38.3254
tags = GOSSIP_id:26132, mag:3.56, INGV_id:35278141, mag:2.4
--------------------------------------------