name = flegrei_2023_06_11_06_44_25
time = 2023-06-11 06:44:25.720
latitude = 40.834301
longitude = 14.1102
magnitude = 2.926
moment = 2.74786e+13
depth = 3554.166524
mnn = 2.26828e+13
mee = -5.72989e+12
mdd = -1.69529e+13
mne = -1.29398e+12
mnd = 3.48587e+12
med = 1.79965e+13
strike1 = 299.576
dip1 = 59.7777
rake1 = -47.2724
strike2 = 58.1645
dip2 = 50.5992
rake2 = -139.352
tags = GOSSIP_id:26132, mag:3.56, INGV_id:35278141, mag:2.4
--------------------------------------------