name = flegrei_2023_06_11_06_44_25
time = 2023-06-11 06:44:25.720
latitude = 40.834301
longitude = 14.1102
magnitude = 1.70812
moment = 4.09428e+11
depth = 3554.166524
mnn = 3.3433e+11
mee = 3.3433e+11
mdd = 3.3433e+11
mne = 0.0
mnd = 0.0
med = 0.0
strike1 = 270.
dip1 = 45.
rake1 = 0.
strike2 = 90.
dip2 = 45.
rake2 = 90.
tags = GOSSIP_id:26132, mag:3.56, INGV_id:35278141, mag:2.4
--------------------------------------------